-16.05 2.27 192.14
-16.41 0.64 182.21
-16.23 -0.97 181.83
-16.96 -2.75 103.90
-15.48 -3.68 106.59
-14.30 -4.99 154.09
-12.31 -5.17 32.50
-10.27 -4.45 344.23
-10.26 -2.51 16.14
-9.68 -1.11 15.01
-9.79 0.48 12.18
-10.42 2.59 91.46
-8.61 3.08 74.87
-6.83 3.59 117.98
-5.10 3.60 167.24
-4.44 2.05 173.10
-4.21 0.53 182.52
-4.29 -0.96 194.49
-4.69 -2.39 196.64
-4.22 -4.63 276.09
-6.10 -5.01 245.55
-7.49 -5.73 251.05
-8.88 -6.26 254.68
-10.31 -6.67 256.93
-11.74 -7.06 261.03
-13.31 -7.88 293.08
-14.74 -6.94 298.75
-16.10 -6.26 312.87
-17.17 -5.20 317.71
-18.33 -4.16 322.09
-20.12 -3.16 38.03
-19.70 -1.49 22.57
-20.27 0.45 73.21
-18.20 1.06 1.57
-18.63 3.39 88.15
-17.10 5.10 134.48
-15.32 4.36 87.24
-13.81 4.49 85.98
-12.34 4.73 86.42
-10.82 4.88 88.49
-9.36 4.90 92.17
-7.83 4.80 95.02
-6.32 4.81 102.68
-4.84 4.55 105.13
-3.35 4.23 125.12
-2.13 3.34 135.75
-1.20 2.15 135.84
-0.17 1.08 128.76
1.02 0.17 113.13
2.44 -0.32 104.79
3.90 -0.68 98.97
5.43 -0.75 88.74
7.36 -1.69 6.64
8.80 -0.38 344.84
9.67 1.27 325.78
8.95 3.02 326.17
9.89 5.13 273.36
8.09 5.85 311.43
6.91 6.89 289.55
5.45 7.32 280.08
3.97 7.56 275.22
2.45 7.64 274.81
0.58 6.56 347.56
-0.34 8.42 290.11
-1.77 8.96 285.29
-3.21 9.35 275.94
-4.73 9.43 271.41
-6.21 9.49 270.26
-7.72 9.52 267.93
-9.22 9.41 261.89
-10.68 9.22 261.73
-12.18 9.01 260.76
-13.67 8.80 258.33
-15.14 8.50 253.58
-16.59 8.09 250.55
-18.02 7.60 237.10
-19.28 6.80 228.63
-20.42 5.81 227.16
-21.52 4.80 219.93
-22.46 3.62 215.50
-23.33 2.40 203.22
-23.87 0.99 195.96
-24.31 -0.45 180.82
-24.37 -1.96 168.03
-24.07 -3.44 162.29
-23.62 -4.86 151.60
-23.07 -6.25 134.21
-21.77 -7.17 125.62
-20.54 -8.03 119.09
-19.23 -8.74 107.13
-17.75 -9.10 101.83
-16.27 -9.36 95.97
-14.79 -9.50 95.93
-13.30 -9.66 95.51
-11.81 -9.82 95.89
-10.33 -9.98 95.65
-8.83 -10.16 94.76
-7.34 -10.27 91.73
-5.83 -10.31 89.89
-4.33 -10.33 89.10
-2.83 -10.33 85.68
-1.33 -10.18 81.74
0.14 -10.01 81.55
1.65 -9.84 78.60
3.12 -9.56 74.48
4.56 -9.14 69.97
5.96 -8.67 69.76
7.40 -8.18 68.71
8.83 -7.68 65.89
10.22 -7.11 58.37
11.49 -6.32 53.55
12.69 -5.42 46.24
13.76 -4.37 32.34
14.45 -3.02 24.48
15.05 -1.68 24.68
5.66 -25.11 358.02
5.91 -27.48 356.82
2.46 -33.53 0.00
